Boundary 7180 6595
Macros 30
Block_0 1760 1500 2080 2125
Block_1 1760 4560 2260 5160
Block_2 4060 5595 4560 6195
Block_3 0 875 600 1375
Block_4 3560 5595 4360 6095
Block_5 4880 1500 5380 2300
Block_6 5680 1500 6480 2000
Block_7 0 0 500 800
Block_8 1760 3920 2400 4545
Block_9 4880 2320 5380 3320
Block_10 1760 1820 2260 2820
Block_11 3880 3120 4680 3745
Block_12 6180 0 6680 1000
Block_13 1760 2320 2560 2945
Block_14 4880 2820 5380 3820
Block_15 4630 0 5380 800
Block_16 960 875 1585 1835
Block_17 3880 2320 4680 3070
Block_18 2760 2945 3385 3905
Block_19 2760 5045 3510 5845
Block_20 0 1475 625 2435
Block_21 800 0 1675 800
Block_22 3880 4720 4755 5520
Block_23 1120 5795 1920 6670
Block_24 0 5060 625 6180
Block_25 2760 2320 3385 3440
Block_26 960 1500 1960 2300
Block_27 3880 3920 4680 4920
Block_28 1760 3120 2560 4120
Block_29 2760 3920 3885 4720
