BLOCK_0 (5720000,6360000) (5068000,6360000) (5068000,6544000) (3660000,6544000) (3660000,5284000) (5720000,5284000) N
BLOCK_1 (7920000,6716000) (7920000,7136080) (6380000,7136080) (6380000,6130000) (7848000,6130000) (7848000,6716000) N
BLOCK_2 (5068000,7650000) (3508000,7650000) (3508000,7444000) (3662000,7444000) (3662000,6584000) (5068000,6584000) N
BLOCK_3 (324962,9456320) (544962,9456320) (544962,9526000) (1642000,9526000) (1642000,9738000) (660000,9738000) (660000,10186000) (324962,10186000) N
BLOCK_4 (7686000,6025000) (7686000,5315000) (8252000,5315000) (8252000,5846000) (8098000,5846000) (8098000,6005000) (7964000,6005000) (7964000,6025000) N
BLOCK_5 (5780000,6130000) (6360000,6130000) (6360000,7326000) (5108000,7326000) (5108000,6400000) (5780000,6400000) N
BLOCK_6 (8158000,6045000) (8158000,5886000) (8253104,5886000) (8253104,5904360) (9158000,5904360) (9158000,6656000) (7904000,6656000) (7904000,6045000) N
BLOCK_7 (6004000,9014000) (4562800,9014000) (4562800,7670000) (5108000,7670000) (5108000,7346000) (6004000,7346000) N
BLOCK_8 (6400000,7178000) (6994000,7178000) (6994000,8218000) (6042000,8218000) (6042000,7346000) (6400000,7346000) N
BLOCK_9 (632350,5403280) (632350,7433920) (813774,7433920) (813774,8362320) (560310,8362320) (560310,9498400) (1622342,9498400) (1622342,9321840) (1984302,9321840) (1984302,8759440) (2782350,8759440) (2782350,7924400) (3471406,7924400) (3471406,7433920) (3632830,7433920) (3632830,5403280) N
BLOCK_10 (200860,2819312) (0,2819312) (0,224000) (7863060,224000) (7863060,2105632) (7467576,2105632) (7467576,3993632) (7219060,3993632) (7219060,4576000) (5862000,4576000) (5862000,5242880) (211060,5242880) (211060,3177632) (200860,3177632) N
BLOCK_11 (12215616,4915880) (11633760,4915880) (11633760,200) (8032272,200) (8032272,2225480) (8182752,2225480) (8182752,2271080) (7620960,2271080) (7620960,4231880) (7320000,4231880) (7320000,5262440) (8293104,5262440) (8293104,5864360) (9848064,5864360) (9848064,6101480) (11031840,6101480) (11031840,5946440) (12215616,5946440) N
BLOCK_12 (6044000,8220000) (6908960,9014080) N
BLOCK_13 (6202000,4617248) (7296000,4617248) (7296000,5314000) (7678000,5314000) (7678000,6090000) (5780000,6090000) (5780000,5302880) (6202000,5302880) N
BLOCK_14 (4311904,9011040) (4311904,9215680) (3316456,9215680) (3316456,9284640) (2981296,9284640) (2981296,9394080) (2676000,9394080) (2676000,8784000) (2852000,8784000) (2852000,7968000) (3514000,7968000) (3514000,7678000) (4540960,7678000) (4540960,9011040) N
BLOCK_15 (6946000,8266000) (7798000,8266000) (7798000,9185680) (7522800,9185680) (7522800,8995040) (6946000,8995040) N
BLOCK_16 (11700000,210000) (12240000,570000) N
BLOCK_17 (440288,5676980) (489992,6680180) FS
BLOCK_18 (3356456,9310640) (3356456,9237680) (4351904,9237680) (4351904,9037040) (7482800,9037040) (7482800,9237680) (8490560,9237680) (8490560,9347120) (8931968,9347120) (8931968,9401840) (10012232,9401840) (10012232,9511280) (10109360,9511280) (10109360,10368560) (1748144,10368560) (1748144,9511280) (1858040,9511280) (1858040,9420080) (3021296,9420080) (3021296,9310640) N
BLOCK_19 (11708752,670280) (12439840,4150520) N
BLOCK_20 (10229360,9439280) (10132232,9439280) (10132232,9369840) (9956224,9369840) (9956224,6762000) (11030000,6762000) (11030000,6924000) (12209936,6924000) (12209936,8916540) (11019040,8916540) (11019040,10163280) (10229360,10163280) N
BLOCK_21 (12340000,6656000) (12440000,8912000) FS
BLOCK_22 (188,9084140) (102064,10321740) FS
BLOCK_23 (10168000,10268000) (10268000,11108000) FE
BLOCK_24 (12340000,4820000) (12440000,6260000) FS
BLOCK_25 (12326000,140) (12326000,531880) (11698188,531880) (11698188,657740) (12440064,657740) (12440064,140) FS
BLOCK_26 (3540188,1740) (7282064,103340) N
BLOCK_27 (220188,1740) (322064,2959340) FW
BLOCK_28 (188,3416140) (102064,5073740) FS
BLOCK_29 (8610560,9295120) (8610560,9225680) (7856000,9225680) (7856000,8058000) (9912000,8058000) (9912000,9389840) (9011968,9389840) (9011968,9295120) N
BLOCK_30 (7968000,6686000) (9202000,6686000) (9202000,6566000) (9763088,6566000) (9763088,6707080) (9918000,6707080) (9918000,8016000) (7968000,8016000) N
BLOCK_31 (7944000,8018000) (7794000,8018000) (7794000,8225680) (7013376,8225680) (7013376,7162000) (7944000,7162000) N
BLOCK_32 (623412,7870000) (718782,8079160) N
BLOCK_33 (11507666,5999340) (12166387,6359640) N
BLOCK_34 (11501662,6398660) (12160383,6758960) N
BLOCK_35 (12293678,6549266) (12337436,6695426) FE
BLOCK_36 (12293678,6487322) (12337436,6633482) FE
BLOCK_37 (12293678,6325378) (12337436,6471538) FE
BLOCK_38 (12293678,6603266) (12337436,6749426) FE
BLOCK_39 (12293678,6361322) (12337436,6507482) FE
BLOCK_40 (238822,9730896) (282580,9877056) FS
BLOCK_41 (238822,9430896) (282580,9577056) FS
BLOCK_42 (158822,9590896) (202580,9737056) FS
BLOCK_43 (238822,10050896) (282580,10197056) FS
BLOCK_44 (158822,9410896) (202580,9557056) FS
BLOCK_45 (142580,10030896) (186338,10177056) FS
BLOCK_46 (146338,9810896) (190096,9957056) FS
BLOCK_47 (250096,10210896) (293854,10357056) FS
BLOCK_48 (153956,10210896) (197714,10357056) FS
BLOCK_49 (255064,9880496) (298822,10026656) FS
BLOCK_50 (12293086,6431378) (12336844,6577538) FE
BLOCK_51 (275064,9580496) (318822,9726656) FS
BLOCK_52 (11058000,8928000) (12438224,10368000) S
BLOCK_53 (168,7610160) (700168,7610160) (700168,7850160) (604864,7850160) (604864,8248560) (168,8248560) N
BLOCK_54 (11116112,5972520) (11436060,6393960) N
BLOCK_55 (11116112,6416520) (11436060,6837960) N
BLOCK_56 (660000,9742560) (1645872,10368000) FS
BLOCK_57 (7538000,9192000) (7586336,9242160) N
BLOCK_58 (9220104,5908540) (9820104,6437500) N
BLOCK_59 (9863088,6138120) (10163088,6667080) N
BLOCK_60 (10743088,6138120) (11043088,6667080) N
BLOCK_61 (10163088,6138120) (10463088,6667080) N
BLOCK_62 (10443088,6138120) (10743088,6667080) N
BLOCK_63 (2020000,8760000) (2620000,9288960) N
BLOCK_64 (0,6700000) (496584,7593760) N
BLOCK_65 (5882442,4653040) (6178386,4944880) N
BLOCK_66 (5882442,4953040) (6178386,5244880) N
BLOCK_67 (12144000,4490000) (12439944,4781840) N
BLOCK_68 (200418,9127440) (496362,9419280) N
BLOCK_69 (12142682,4167840) (12438626,4459680) N
BLOCK_70 (11842674,4481840) (12138618,4773680) N
BLOCK_71 (11844202,4167760) (12140146,4459600) N
BLOCK_72 (0,5686100) (460288,6686180) N
BLOCK_73 (11870000,1820000) (12440000,2980160) FN
BLOCK_74 (11870000,2980000) (12440000,4140160) FN
BLOCK_75 (11870000,660000) (12440000,1820160) FN
BLOCK_76 (114,5381960) (400114,5681960) N
BLOCK_77 (0,8260000) (459876,9060280) N
