REGION_0 (0,460000) (659832,2539360)
REGION_1 (1760000,9528000) (10105000,10368000)
REGION_2 (12240000,5280000) (12320000,5360000)
REGION_3 (12160000,4800000) (12240000,4880000)
REGION_4 (12160000,4800000) (12240000,4880000)
REGION_5 (12160000,4800000) (12240000,4880000)
REGION_6 (12240000,5280000) (12320000,5360000)
REGION_7 (12160000,4800000) (12240000,4880000)
REGION_8 (12160000,4800000) (12240000,4880000)
REGION_9 (12240000,5280000) (12320000,5360000)
REGION_10 (12240000,5280000) (12320000,5360000)
REGION_11 (12240000,5280000) (12320000,5360000)
REGION_12 (12240000,5280000) (12320000,5360000)
REGION_13 (12240000,5280000) (12320000,5360000)
REGION_14 (12240000,5280000) (12320000,5360000)
REGION_15 (12240000,5280000) (12320000,5360000)
REGION_16 (12240000,5280000) (12320000,5360000)
REGION_17 (12240000,5280000) (12320000,5360000)
REGION_18 (12240000,5280000) (12320000,5360000)
REGION_19 (11920000,4800000) (12000000,4880000)
REGION_20 (12240000,5280000) (12320000,5360000)
REGION_21 (12160000,4800000) (12240000,4880000)
REGION_22 (12240000,5280000) (12320000,5360000)
REGION_23 (80000,5200000) (160000,5280000)
REGION_24 (80000,5200000) (160000,5280000)
REGION_25 (80000,5200000) (160000,5280000)
REGION_26 (1120000,5280000) (1200000,5360000)
REGION_27 (80000,5200000) (160000,5280000)
REGION_28 (80000,5200000) (160000,5280000)
REGION_29 (560000,5280000) (640000,5360000)
REGION_30 (560000,5280000) (640000,5360000)
REGION_31 (560000,5280000) (640000,5360000)
REGION_32 (560000,5280000) (640000,5360000)
REGION_33 (80000,5200000) (160000,5280000)
REGION_34 (80000,5200000) (160000,5280000)
REGION_35 (80000,4800000) (160000,4880000)
REGION_36 (1120000,5280000) (1200000,5360000)
REGION_37 (560000,5280000) (640000,5360000)
REGION_38 (80000,4800000) (160000,4880000)
REGION_39 (1120000,5280000) (1200000,5360000)
REGION_40 (1120000,5280000) (1200000,5360000)
REGION_41 (1120000,5280000) (1200000,5360000)
REGION_42 (1120000,5280000) (1200000,5360000)
REGION_43 (560000,5280000) (640000,5360000)
REGION_44 (80000,5200000) (160000,5280000)
REGION_45 (560000,5280000) (640000,5360000)
REGION_46 (560000,5280000) (640000,5360000)
REGION_47 (560000,5280000) (640000,5360000)
REGION_48 (560000,5280000) (640000,5360000)
REGION_49 (560000,5280000) (640000,5360000)
REGION_50 (560000,5280000) (640000,5360000)
REGION_51 (80000,5200000) (160000,5280000)
REGION_52 (560000,5280000) (640000,5360000)
REGION_53 (80000,5200000) (160000,5280000)
REGION_54 (560000,5280000) (640000,5360000)
REGION_55 (560000,5280000) (640000,5360000)
REGION_56 (1120000,5280000) (1200000,5360000)
REGION_57 (1120000,5280000) (1200000,5360000)
REGION_58 (80000,4800000) (160000,4880000)
REGION_59 (560000,5280000) (640000,5360000)
REGION_60 (80000,4800000) (160000,4880000)
REGION_61 (80000,4800000) (160000,4880000)
REGION_62 (80000,4800000) (160000,4880000)
REGION_63 (560000,5280000) (640000,5360000)
REGION_64 (1120000,5280000) (1200000,5360000)
REGION_65 (1120000,5280000) (1200000,5360000)
REGION_66 (80000,5200000) (160000,5280000)
REGION_67 (80000,4800000) (160000,4880000)
REGION_68 (80000,5200000) (160000,5280000)
REGION_69 (5920000,160000) (6000000,240000)
REGION_70 (5920000,160000) (6000000,240000)
REGION_71 (5920000,160000) (6000000,240000)
REGION_72 (5920000,160000) (6000000,240000)
REGION_73 (5920000,160000) (6000000,240000)
REGION_74 (5920000,160000) (6000000,240000)
REGION_75 (5920000,160000) (6000000,240000)
REGION_76 (5920000,160000) (6000000,240000)
REGION_77 (5920000,160000) (6000000,240000)
REGION_78 (5920000,160000) (6000000,240000)
REGION_79 (5920000,160000) (6000000,240000)
REGION_80 (5920000,160000) (6000000,240000)
REGION_81 (5920000,160000) (6000000,240000)
REGION_82 (5920000,160000) (6000000,240000)
REGION_83 (5920000,160000) (6000000,240000)
REGION_84 (5920000,160000) (6000000,240000)
REGION_85 (5920000,160000) (6000000,240000)
REGION_86 (5920000,160000) (6000000,240000)
REGION_87 (5920000,160000) (6000000,240000)
REGION_88 (5920000,160000) (6000000,240000)
REGION_89 (5920000,160000) (6000000,240000)
REGION_90 (5920000,160000) (6000000,240000)
REGION_91 (6080000,9920000) (6160000,10000000)
REGION_92 (6080000,9920000) (6160000,10000000)
REGION_93 (6080000,9920000) (6160000,10000000)
REGION_94 (6080000,9920000) (6160000,10000000)
REGION_95 (6080000,9920000) (6160000,10000000)
REGION_96 (6080000,9920000) (6160000,10000000)
REGION_97 (6080000,9920000) (6160000,10000000)
REGION_98 (6080000,9920000) (6160000,10000000)
REGION_99 (6080000,9920000) (6160000,10000000)
REGION_100 (6080000,9920000) (6160000,10000000)
REGION_101 (6080000,9920000) (6160000,10000000)
REGION_102 (6080000,9920000) (6160000,10000000)
REGION_103 (6080000,9920000) (6160000,10000000)
REGION_104 (6080000,9920000) (6160000,10000000)
REGION_105 (6080000,9920000) (6160000,10000000)
REGION_106 (6080000,9920000) (6160000,10000000)
REGION_107 (6080000,9920000) (6160000,10000000)
REGION_108 (6080000,9920000) (6160000,10000000)
REGION_109 (6080000,9920000) (6160000,10000000)
REGION_110 (6080000,9920000) (6160000,10000000)
REGION_111 (6080000,9920000) (6160000,10000000)
REGION_112 (6080000,9920000) (6160000,10000000)
REGION_113 (6080000,9920000) (6160000,10000000)
REGION_114 (6080000,9920000) (6160000,10000000)
REGION_115 (6080000,9920000) (6160000,10000000)
REGION_116 (6080000,9920000) (6160000,10000000)
REGION_117 (6080000,9920000) (6160000,10000000)
REGION_118 (6080000,9920000) (6160000,10000000)
REGION_119 (6080000,9920000) (6160000,10000000)
REGION_120 (3600000,5280000) (3680000,5360000)
REGION_121 (3600000,5280000) (3680000,5360000)
REGION_122 (3600000,5280000) (3680000,5360000)
REGION_123 (3600000,5280000) (3680000,5360000)
REGION_124 (3600000,5280000) (3680000,5360000)
REGION_125 (3600000,5280000) (3680000,5360000)
REGION_126 (3600000,5280000) (3680000,5360000)
REGION_127 (3600000,5280000) (3680000,5360000)
REGION_128 (3120000,5280000) (3200000,5360000)
REGION_129 (3600000,5280000) (3680000,5360000)
REGION_130 (3600000,5280000) (3680000,5360000)
REGION_131 (3600000,5280000) (3680000,5360000)
REGION_132 (3600000,5280000) (3680000,5360000)
REGION_133 (3600000,5280000) (3680000,5360000)
REGION_134 (3600000,5280000) (3680000,5360000)
REGION_135 (3600000,5280000) (3680000,5360000)
REGION_136 (3600000,5280000) (3680000,5360000)
REGION_137 (3600000,5280000) (3680000,5360000)
REGION_138 (3600000,5280000) (3680000,5360000)
REGION_139 (3600000,5280000) (3680000,5360000)
REGION_140 (3600000,5280000) (3680000,5360000)
REGION_141 (3120000,5280000) (3200000,5360000)
REGION_142 (3600000,5280000) (3680000,5360000)
REGION_143 (3600000,5280000) (3680000,5360000)
REGION_144 (3600000,5280000) (3680000,5360000)
REGION_145 (3600000,5280000) (3680000,5360000)
REGION_146 (3600000,5280000) (3680000,5360000)
REGION_147 (3600000,5280000) (3680000,5360000)
REGION_148 (3120000,5280000) (3200000,5360000)
REGION_149 (3600000,5280000) (3680000,5360000)
REGION_150 (3600000,5280000) (3680000,5360000)
REGION_151 (3600000,5280000) (3680000,5360000)
REGION_152 (3600000,5280000) (3680000,5360000)
REGION_153 (3600000,5280000) (3680000,5360000)
REGION_154 (3600000,5280000) (3680000,5360000)
REGION_155 (3600000,5280000) (3680000,5360000)
REGION_156 (3600000,5280000) (3680000,5360000)
REGION_157 (3120000,5280000) (3200000,5360000)
REGION_158 (3600000,5280000) (3680000,5360000)
REGION_159 (3600000,5280000) (3680000,5360000)
REGION_160 (3600000,5280000) (3680000,5360000)
REGION_161 (3600000,5280000) (3680000,5360000)
REGION_162 (3600000,5280000) (3680000,5360000)
REGION_163 (3600000,5280000) (3680000,5360000)
REGION_164 (3600000,5280000) (3680000,5360000)
REGION_165 (3120000,5280000) (3200000,5360000)
REGION_166 (3120000,5280000) (3200000,5360000)
REGION_167 (3600000,5280000) (3680000,5360000)
REGION_168 (3120000,5280000) (3200000,5360000)
REGION_169 (3600000,5280000) (3680000,5360000)
REGION_170 (3120000,5280000) (3200000,5360000)
REGION_171 (9760000,6560000) (9840000,6640000)
REGION_172 (9760000,6480000) (9840000,6560000)
REGION_173 (9760000,6480000) (9840000,6560000)
REGION_174 (9760000,6480000) (9840000,6560000)
REGION_175 (9760000,6560000) (9840000,6640000)
REGION_176 (9760000,6560000) (9840000,6640000)
REGION_177 (9760000,6560000) (9840000,6640000)
REGION_178 (9440000,6480000) (9520000,6560000)
REGION_179 (3600000,5280000) (3680000,5360000)
REGION_180 (7360000,4080000) (7440000,4160000)
REGION_181 (80000,80000) (160000,160000)
REGION_182 (80000,5200000) (160000,5280000)
REGION_183 (3120000,5280000) (3200000,5360000)
REGION_184 (3120000,5280000) (3200000,5360000)
REGION_185 (3600000,5280000) (3680000,5360000)
REGION_186 (3600000,5280000) (3680000,5360000)
REGION_187 (11760000,4160000) (11840000,4240000)
REGION_188 (80000,4800000) (160000,4880000)
REGION_189 (7520000,2640000) (7600000,2720000)
REGION_190 (1680000,9920000) (1760000,10000000)
REGION_191 (3600000,5280000) (3680000,5360000)
REGION_192 (9280000,8640000) (9360000,8720000)
REGION_193 (1760000,5280000) (1840000,5360000)
REGION_194 (1120000,5280000) (1200000,5360000)
REGION_195 (80000,5200000) (160000,5280000)
REGION_196 (9760000,6480000) (9840000,6560000)
REGION_197 (9440000,6480000) (9520000,6560000)
REGION_198 (9760000,6480000) (9840000,6560000)
REGION_199 (9760000,6480000) (9840000,6560000)
REGION_200 (9760000,6480000) (9840000,6560000)
REGION_201 (9760000,6480000) (9840000,6560000)
REGION_202 (9760000,6480000) (9840000,6560000)
REGION_203 (9760000,6480000) (9840000,6560000)
REGION_204 (9760000,6480000) (9840000,6560000)
REGION_205 (9760000,6480000) (9840000,6560000)
REGION_206 (400000,10240000) (480000,10320000)
REGION_207 (3600000,5280000) (3680000,5360000)
REGION_208 (80000,80000) (160000,160000)
REGION_209 (1120000,5280000) (1200000,5360000)
REGION_210 (7200000,4400000) (7280000,4480000)
REGION_211 (11760000,4160000) (11840000,4240000)
REGION_212 (10160000,9840000) (10240000,9920000)
REGION_213 (12240000,320000) (12320000,400000)
REGION_214 (400000,10240000) (480000,10320000)
REGION_215 (400000,10240000) (480000,10320000)
